-7.73395256480658
-12.1040733621262
-12.4116237515645
-9.03738846612699
-1.9567365495506
-3.84849375500951
-11.3666570112765
-4.70970030279974
-4.35886300657396
-9.38480291035326
6.28681730852611
-4.45796174448474
6.15194405308102
-6.42337272469598
-0.0618721672510018
6.36756604938961
2.17303883500954
-2.56703686188424
3.90569426580842
2.71338741050416
-2.88759831509294
-4.34321865360371
-1.0649226539787
1.02961537572837
0.432759373620034
4.67647292257347
3.34505470682492
-4.49815501197154
-9.57128180427664
-0.133473691134178
-5.53984003840632
-9.81488004507887
0.511504518726282
-1.03314388918524
-6.85302359778048
2.67021936399155
5.02009579022441
3.73324575790687
2.3735603683809
-0.371777563284998
9.18942927492395
-3.45566709835716
9.33346298279416
5.60992905201276
1.50312595939362
5.46105372361528
1.01240614610032
3.16772394157815
7.36882010456563
6.91061547022261
